004
005
012
014
024
027
030
032
037
040
047
055
078
093
099
107
123
124
126
137
140
145
148
150
151
152
157
162
166
175
176
178
189
190
194
196
211
213
245
257
259
260
268
270
272
273
276
280
283
292
294
302
305
309
313
318
320
322
325
335
337
344
348
350
353
361
366
377
378
390
400
403
405
411
419
427
432
433
434
449
450
469
499
508
511
523
528
543
545
557
565
576
577
583
587
589
590
592
598
606
608
609
611
614
615
616
619
633
649
652
657
677
683
684
685
689
691
692
693
695
696
697
699
700
702
706
707
709
711
