003
004
006
007
016
020
037
040
043
048
050
055
059
063
065
069
073
080
083
085
087
093
095
097
102
103
105
109
113
114
116
119
124
130
133
146
147
149
150
159
165
169
173
176
189
191
193
199
200
208
218
223
224
228
229
236
237
239
249
250
252
254
257
261
267
275
276
280
284
301
303
309
313
321
332
335
346
347
348
349
352
353
354
356
357
358
359
369
383
389
396
402
403
405
407
408
417
418
419
420
421
427
430
432
433
434
437
438
440
449
453
461
462
467
472
473
475
479
481
489
490
492
499
501
507
511
512
518
532
536
539
540
542
554
558
563
564
567
571
578
581
603
626
638
709
711
715
716
725
729
732
733
734
735
736
