005
023
024
026
027
032
041
052
057
061
062
072
073
074
076
078
080
081
084
085
087
095
098
099
101
104
109
110
115
125
127
130
133
137
138
142
147
151
152
154
161
163
165
169
170
172
173
176
181
185
189
191
193
194
196
200
202
204
205
207
212
213
216
217
219
223
227
229
230
236
239
244
246
252
253
258
265
270
273
275
286
292
297
303
309
314
316
317
318
322
323
332
334
343
347
348
349
350
352
353
354
356
358
372
373
380
381
382
383
387
388
392
393
395
398
402
405
414
419
420
424
433
436
438
440
443
445
449
455
458
463
467
473
475
476
486
487
502
505
506
509
538
543
544
558
560
562
567
570
571
576
579
597
607
625
632
694
713
717
718
720
721
722
724
727
730
731
733
739
740
741
743
745
